0,1,4,5,6,13,178,25
1,0,2,6,15,178,179
2,1,38,7,8,15,179,180,181,26
3,4,11,12,46,177,22
4,0,3,12,13,177,178,23
5,0,25,13,14
6,0,25,15,37,1
7,16,17,2,38,8
8,2,7,9,17,18,181,29
9,8,18,19,181,182,30
10,160,32,11,176,177,21
11,33,3,10,45,177,21,22
12,34,3,4,46,23
13,0,35,4,5,14,23,24
14,24,25,36,5,13
15,1,2,37,6,50,26
16,17,27,28,38,7
17,8,16,28,29,7
18,8,9,29,30
19,9,43,20,182,30,31
20,31,19,44,182,183
21,160,32,161,10,11,45
22,3,33,58,11,46
23,34,35,4,73,12,13,47,60
24,35,36,61,14,13
25,0,36,5,6,14,49,89,37
26,64,2,50,38,15
27,16,51,28,38,39
28,39,40,41,16,17,27,29
29,8,41,42,17,18,28,30
30,9,42,43,18,19,29
31,19,44,43,20,57
32,160,10,21
33,58,11,45,22
34,73,59,12,46,23
35,74,13,47,88,23,24,61
36,75,14,25,24,89,61
37,6,103,15,49,50,25,90,63
38,64,2,7,16,51,26,27
39,27,40,51,52,28
40,39,41,52,53,54,28
41,40,42,54,55,28,29
42,70,41,43,55,56,29,30
43,71,42,19,56,57,30,31
44,72,20,183,184,57,31
45,161,58,11,21,33
46,162,3,12,34,22,58,59
47,74,35,60,23
48,88,75,61
49,37,76,89,25,90,62
50,64,37,104,78,15,26,63
51,64,65,38,39,79,52,27
52,65,66,39,40,51,53
53,66,67,68,40,52,54
54,68,69,40,41,53,55
55,41,42,70,69,54
56,42,43,70,71
57,71,72,43,44,87,31
58,161,162,33,45,46,22
59,73,162,163,34,46
60,73,74,47,163,23
61,35,36,75,48,24,88
62,76,89,164,49
63,37,103,104,77,50,91
64,38,105,78,79,50,51,26,93
65,66,79,80,51,52,94
66,65,67,80,81,52,53
67,66,68,81,82,83,53
68,67,69,83,84,53,54
69,68,70,84,85,54,55
70,69,71,42,85,86,55,56
71,70,43,86,87,56,57
72,44,57,87,184,185,186,187
73,59,34,163,60,23
74,88,35,60,163,47
75,164,48,88,89,61,36
76,49,90,164,62
77,103,91,165,63
78,64,104,105,50,116,92
79,64,65,107,51,93,94
80,81,66,65,94,95
81,96,66,67,80,82,95
82,96,97,98,67,81,83
83,98,67,68,82,99,84
84,99,68,69,83,85,100
85,100,69,70,84,86,101
86,101,70,71,85,87,102
87,102,71,72,86,57,187,188
88,35,164,74,75,48,163,61
89,164,75,49,25,36,62
90,164,37,103,76,49,165
91,104,165,77,166,63
92,105,116,78
93,64,167,105,106,107,79,117,118
94,65,107,108,79,80,120,95
95,96,108,109,80,81,94
96,97,109,110,81,82,95
97,96,98,110,111,112,82
98,97,99,112,113,82,83
99,98,100,113,114,83,84
100,99,101,114,115,84,85
101,115,100,86,102,85
102,101,115,86,87,188,189
103,37,90,63,165,77
104,166,78,50,116,91,63
105,64,167,78,116,92,93
106,167,117,118,93
107,129,130,168,79,118,119,120,93,94
108,120,121,109,94,95
109,96,108,110,121,122,95
110,96,97,109,111,122,123
111,97,110,112,123,124,125
112,97,98,111,113,125,126
113,98,99,112,114,126,127
114,128,99,100,113,115,127
115,128,100,101,102,114,189
116,166,167,104,105,78,92
117,106,93,167
118,168,106,107,93,167
119,169,130,107,129
120,130,131,140,107,108,121,94
121,131,132,108,109,120,122
122,132,133,134,109,110,121,123
123,134,135,136,110,111,122,124
124,136,137,123,125,111
125,137,138,111,112,124,126
126,138,139,112,113,125,127
127,128,113,114,139,126
128,139,114,115,127,189,190,191
129,168,169,107,119
130,120,169,107,140,119
131,120,132,140,141,121
132,131,133,141,142,143,121,122
133,144,122,132,134,143
134,133,135,144,145,122,123
135,134,136,145,146,147,123
136,135,137,147,148,123,124
137,136,138,148,149,150,124,125
138,137,139,125,126,150
139,128,192,138,150,127,126,191
140,130,131,169,170,141,120
141,132,170,131,140,142
142,170,171,132,141,143
143,132,133,171,142,144,151
144,145,151,133,134,143
145,134,135,144,146,151,152,153
146,135,145,147,153,154,155,156
147,135,136,146,148,156,157
148,136,137,147,149,157
149,137,148,157,150
150,192,193,137,138,139,149,157
151,171,172,143,144,145,152
152,145,153,172,151
153,172,173,145,146,152,154,158
154,153,146,155,158
155,154,156,146,158,159
156,146,147,155,157,159
157,193,194,195,147,148,149,150,156,159
158,173,174,153,154,155,159
159,195,196,174,175,155,156,157,158
160,176,32,10,21,161
161,160,58,45,21,162
162,161,58,59,163,46
163,162,164,73,74,88,59,60
164,163,165,75,76,88,89,90,62
165,164,166,103,77,90,91
166,104,91,116,165,167
167,166,168,105,106,116,117,118,93
168,129,107,169,118,167
169,129,130,168,170,140,119
170,169,171,140,141,142
171,170,143,172,142,151
172,152,153,171,173,151
173,153,172,174,158
174,175,173,158,159
175,196,174,159
176,160,177,10
177,3,4,10,11,176,178
178,0,1,179,4,177
179,1,178,180,2
180,2,179,181
181,8,9,2,180,182
182,9,19,20,181,183
183,184,44,20,182
184,72,185,44,183
185,72,184,186
186,72,185,187
187,72,186,188,87
188,187,189,102,87
189,128,115,188,190,102
190,128,189,191
191,128,192,139,190
192,193,139,150,191
193,192,194,157,150
194,193,195,157
195,194,196,157,159
196,195,175,159
