Q0=27.974300,32.303500,45.661500,53.563700,55.938600,64.620200,70.405900,72.243600
P0=1.000000,0.420000,0.250000,0.240000,0.080000,0.030000,0.130000,0.110000
Q1=5.602300,11.204700,13.143100,13.438300,14.287400,15.600000,17.270900,19.206900,21.335800,22.764500,23.605500,25.979200,26.286200,26.435100,26.876600,27.596800,28.011700,28.574700,29.784700,30.941900,31.200000,32.794100,33.498900,33.614000,34.542100,34.886100,35.221900,35.774400,36.095400,36.421700,36.534100,37.488200,38.413900,38.622200,38.714600,39.429300,39.528800,39.920800,40.501900,40.597100,41.368800,41.843000,42.671700,42.950900,44.025200,44.652600,44.911400,45.529100,46.461000,46.705900,46.800200,47.211300,47.718300,48.127700,48.366600,48.532100,48.695000,49.414600,49.562400,50.280300,50.351200,50.421100,51.284900,51.958400,52.105800,52.413100,52.572800,52.647200,52.870000,53.240100,53.456200,53.753400,54.406000,54.540600,55.193600,55.322000,56.023400,56.109900,56.524900,56.726400,56.861500,57.149500,57.289700,57.562700,57.902700,58.099200,58.304600,58.976700,59.359500,59.569400,59.704100,60.229500,60.471800,60.936900,61.249400,61.510800,61.625500,61.883400,62.400300,62.591100,63.011700,63.333400,63.575100,63.771100,63.952600,64.430500,65.050200,65.225500,65.588100,65.753800,65.954100,66.250800,66.424600,66.997800,67.191600,67.300400,67.830900,68.293700,68.507700,69.083900,69.206800,69.426400,69.603300,69.772200,70.052800,70.443700,70.943200,71.549000,72.190800,72.843300,73.068200,73.231400,73.392000,73.658800,73.815300,73.975300,74.506200,74.800100,74.976200,75.130700,75.537900,75.688900,75.759400,76.067100,76.305300,76.532300,76.827700,77.244200,77.428900,77.739100,77.937700,78.000200,78.187500,78.356000,78.503700
P1=0.001000,0.001000,0.005000,0.007000,0.017000,0.005000,0.011000,0.042000,0.006000,0.028000,0.002000,0.004000,0.067100,0.098100,0.268300,0.084100,0.432400,0.217200,1.000000,0.003000,0.161200,0.044000,0.001000,0.001000,0.111100,0.002000,0.003000,0.001000,0.016000,0.030000,0.018000,0.012000,0.033000,0.003000,0.002000,0.005000,0.003000,0.001000,0.020000,0.011000,0.002000,0.001000,0.049000,0.001000,0.003000,0.001000,0.013000,0.206200,0.001000,0.001000,0.001000,0.032000,0.001000,0.001000,0.006000,0.003000,0.001000,0.008000,0.140100,0.001000,0.001000,0.001000,0.001000,0.022000,0.011000,0.002000,0.006000,0.008000,0.021000,0.010000,0.214200,0.022000,0.100100,0.055100,0.017000,0.009000,0.030000,0.016000,0.001000,0.001000,0.015000,0.015000,0.008000,0.001000,0.001000,0.001000,0.005000,0.002000,0.004000,0.006000,0.003000,0.002000,0.002000,0.004000,0.001000,0.001000,0.001000,0.005000,0.011000,0.006000,0.001000,0.002000,0.001000,0.001000,0.004000,0.003000,0.001000,0.001000,0.010000,0.005000,0.001000,0.001000,0.003000,0.010000,0.007000,0.049000,0.001000,0.001000,0.002000,0.009000,0.005000,0.001000,0.009000,0.022000,0.006000,0.018000,0.094100,0.017000,0.101100,0.009000,0.018000,0.009000,0.001000,0.001000,0.001000,0.006000,0.001000,0.046000,0.029000,0.004000,0.001000,0.001000,0.001000,0.005000,0.003000,0.001000,0.004000,0.016000,0.016000,0.001000,0.001000,0.001000,0.001000,0.001000,0.005000
Q2=27.165500,31.368000,44.361300,52.018200,54.331200,62.736100,68.365100,70.141100,76.835800
P2=1.000000,0.455500,0.232200,0.234200,0.064100,0.028000,0.086100,0.082100,0.070100
Q3=28.611200,33.033800,46.713900,54.787400,57.227700,66.081400,72.020000,73.883100
P3=1.000000,0.500000,0.260000,0.330000,0.110000,0.070000,0.200000,0.140000
Q4=26.873500,38.009800,46.540900,53.760800,60.107400,65.839100,71.115100,76.019600
P4=1.000000,0.210000,0.380000,0.130000,0.190000,0.070000,0.290000,0.040000
Q5=8.701900,11.840500,12.306400,13.343900,14.694200,17.077600,17.403900,18.152300,19.458100,21.049700,21.930700,22.185700,22.777500,23.680900,24.467300,25.229200,25.370300,26.105700,26.687600,27.387900,27.997200,28.665500,29.388500,29.957100,30.025700,30.649600,30.765900,31.375300,32.449800,32.965800,33.135900,33.535000,34.155200,34.705000,34.807600,35.187900,35.521400,35.879000,36.050500,36.304600,36.571700,36.766500,36.919200,37.428300,37.592700,37.782100,38.093000,38.824300,38.916200,39.308900,39.555900,40.501700,40.728000,41.140200,41.880400,42.099600,42.989300,43.509700,43.651200,43.861200,44.082700,44.290600,44.670100,44.795900,44.933300,45.092000,45.554900,45.968500,46.334300,46.861300,46.992700,47.361900,47.587500,47.760000,48.058100,48.333900,48.577200,48.934700,49.225300,49.320000,49.536600,49.732600,50.295200,50.458400,50.740300,51.001900,51.203000,51.600900,52.103600,52.211400,52.505100,52.572800,52.690000,53.048200,53.537200,53.729100,54.080100,54.239700,54.456900,54.625500,54.775500,54.971000,55.830200,55.994400,56.168100,56.295000,56.477100,56.630300,56.729500,56.811600,56.963600,57.170400,57.331000,57.660400,57.802500,57.951800,58.374500,58.802800,59.202300,59.417300,59.563200,59.760900,59.838300,59.914200,60.229500,60.366100,60.542900,60.703800,60.780100,60.913300,61.014400,61.299600,61.474100,61.747800,61.838900,61.938300,62.318000,62.661000,62.994800,63.149100,63.351000,63.745900,63.857800,64.114700,64.313500,64.409400,64.702600,65.064400,65.190600,65.503500,65.791800,65.931500,66.079000,66.218000,66.472400,66.557000,66.719200,66.932900,67.002400,67.070200,67.321300,67.473800,67.601900
P5=0.001000,0.009000,0.001000,0.030000,0.009000,0.001000,0.001000,0.007000,0.008000,0.009000,0.003000,0.002000,0.050100,0.202200,0.002000,0.051100,0.809800,0.359400,0.333300,0.657700,1.000000,0.485500,0.100100,0.009000,0.010000,0.102100,0.008000,0.007000,0.029000,0.035000,0.001000,0.036000,0.004000,0.005000,0.001000,0.010000,0.003000,0.001000,0.001000,0.002000,0.005000,0.001000,0.001000,0.001000,0.001000,0.001000,0.003000,0.017000,0.004000,0.020000,0.001000,0.006000,0.040000,0.012000,0.001000,0.001000,0.151200,0.060100,0.165200,0.080100,0.084100,0.052100,0.008000,0.117100,0.009000,0.054100,0.034000,0.033000,0.071100,0.001000,0.008000,0.065100,0.006000,0.002000,0.005000,0.003000,0.004000,0.001000,0.001000,0.001000,0.005000,0.001000,0.001000,0.002000,0.071100,0.001000,0.001000,0.001000,0.029000,0.027000,0.001000,0.002000,0.004000,0.003000,0.019000,0.075100,0.036000,0.002000,0.003000,0.032000,0.002000,0.069100,0.001000,0.015000,0.020000,0.004000,0.003000,0.002000,0.004000,0.005000,0.003000,0.026000,0.004000,0.001000,0.001000,0.014000,0.001000,0.001000,0.001000,0.001000,0.003000,0.001000,0.001000,0.001000,0.001000,0.001000,0.003000,0.001000,0.001000,0.001000,0.001000,0.001000,0.011000,0.001000,0.002000,0.013000,0.001000,0.003000,0.011000,0.009000,0.002000,0.001000,0.001000,0.001000,0.018000,0.024000,0.013000,0.018000,0.039000,0.002000,0.001000,0.014000,0.002000,0.013000,0.003000,0.013000,0.002000,0.007000,0.003000,0.004000,0.001000,0.003000,0.015000
Q6=9.109600,12.883000,13.992800,14.403600,15.404200,18.219200,19.020200,20.369700,22.051000,22.972600,23.225100,23.858600,24.843900,25.765900,26.338400,26.558900,27.328900,27.985500,28.717300,29.320300,30.019500,30.808500,31.371400,32.127000,32.845200,34.009200,34.519800,35.115800,35.792500,36.367400,36.845600,37.559900,37.818500,38.040400,38.363000,38.648800,39.181900,39.560900,39.952600,40.676000,41.182900,41.481100,41.978300,42.469800,42.591300,42.667400,43.075700,43.910800,44.101900,45.033100,45.548300,45.761600,45.945300,46.212600,46.394500,46.770300,46.894900,47.211700,47.717300,48.082400,48.149800,48.511900,49.057000,49.255000,49.687800,49.843500,50.309700,50.605000,50.912200,51.330600,51.531900,51.882900,52.120100,52.676800,53.117700,53.398000,53.701100,54.073600,54.551000,54.657800,54.988800,55.212500,55.411700,55.587200,56.051400,56.340400,56.707500,57.060800,57.207800,57.569500,58.496800,58.640400,58.850700,58.938500,59.289500,59.387500,59.551300,59.638400,59.898800,60.039000,60.383500,60.672700,61.109400,61.606100,62.025100,62.358800,62.608600,62.742400,62.949300,63.400400,63.767400,63.920000,64.254100,64.374700,64.576200,64.645900,64.736100,64.886400,65.364700,65.601600,65.651100,65.966400,66.153000,66.319100,66.465800,66.777300,66.854700,67.405600,67.550000,67.856400,68.132300,68.322700,68.616100,68.917700,69.039800,69.218100,69.339600,69.591500,69.675300,69.963800,70.111500,70.231500,70.480200,70.774000,71.148500,71.285300,71.575700,71.693200,71.874200,72.018000,72.224700,72.735000,72.841600,73.081400,73.444200,73.576700,73.867200,73.972000,74.147400
P6=0.001000,0.001000,0.020000,0.001000,0.005000,0.001000,0.001000,0.003000,0.005000,0.003000,0.002000,0.064100,0.222200,0.001000,0.018000,0.877900,0.387400,0.346300,0.681700,1.000000,0.496500,0.113100,0.004000,0.125100,0.005000,0.028000,0.032000,0.028000,0.004000,0.002000,0.013000,0.001000,0.001000,0.001000,0.001000,0.001000,0.001000,0.001000,0.001000,0.025000,0.025000,0.001000,0.001000,0.009000,0.017000,0.048000,0.010000,0.001000,0.001000,0.149100,0.057100,0.180200,0.081100,0.094100,0.062100,0.014000,0.128100,0.068100,0.038000,0.012000,0.035000,0.081100,0.001000,0.008000,0.081100,0.006000,0.004000,0.002000,0.003000,0.001000,0.001000,0.003000,0.001000,0.003000,0.077100,0.001000,0.001000,0.001000,0.042000,0.030000,0.002000,0.004000,0.001000,0.003000,0.025000,0.092100,0.044000,0.003000,0.034000,0.074100,0.004000,0.017000,0.027000,0.008000,0.002000,0.003000,0.004000,0.004000,0.034000,0.005000,0.001000,0.010000,0.001000,0.001000,0.001000,0.002000,0.001000,0.001000,0.001000,0.005000,0.001000,0.001000,0.001000,0.018000,0.001000,0.001000,0.002000,0.021000,0.002000,0.003000,0.004000,0.015000,0.014000,0.004000,0.001000,0.002000,0.002000,0.024000,0.040000,0.021000,0.026000,0.060100,0.004000,0.002000,0.020000,0.003000,0.017000,0.004000,0.021000,0.002000,0.007000,0.005000,0.001000,0.021000,0.025000,0.001000,0.002000,0.002000,0.001000,0.020000,0.014000,0.053100,0.005000,0.019000,0.005000,0.001000,0.023000,0.011000,0.001000
Q7=9.273200,13.249700,14.037600,16.172400,18.546300,19.210300,22.264400,22.793000,24.118400,25.908700,26.320300,26.499500,26.702100,26.902000,27.518200,27.819400,28.075200,29.406500,29.928300,30.813600,31.862700,32.344800,34.766400,34.920200,35.208900,35.631800,35.831700,37.092700,37.301500,38.015500,38.420500,39.266900,39.388000,39.749100,40.018700,40.816600,41.528900,41.657700,41.900000,43.782300,44.528800,45.245200,45.559800,45.795300,46.015600,46.494000,46.689300,47.374700,47.448100,47.635800,48.221900,48.495800,49.118000,49.432100,50.023300,50.732500,51.118900,51.316800,51.817400,52.024200,52.504700,52.640600,53.113600,53.381600,53.652000,53.804100,54.214900,54.367800,54.793600,55.036500,55.638900,55.938100,56.150000,56.766900,57.205700,57.475800,57.859500,58.228500,58.750000,58.812700,59.144300,59.449300,59.689400,59.928500,60.403200,61.142700,61.375600,61.627300,61.782400,62.147200,62.447400,63.725200,64.033300,64.285300,64.689600,65.003800,65.607900,65.843400,66.250500,66.410700,66.530900,66.793300,66.894500,67.455200,67.942700,68.094800,68.252500,68.388100,68.723300,68.989900,69.500900,69.891600,70.043400,70.112700,70.502300,70.605800,70.799500,71.034600,71.263600,71.663600,71.912400,72.308800,72.453800,72.706800,73.001000,73.191800,73.634400,74.217800,74.426000,74.603100,75.223100,75.434100,75.556900,75.925900,76.031100,76.401600,77.058300,77.541900,77.726000,77.864200,78.277300,78.579300,78.776100
P7=0.001000,0.001000,0.009000,0.033000,0.001000,0.053100,0.036000,0.014000,0.001000,0.004000,0.116100,0.024000,0.007000,0.263300,0.515500,0.603600,0.288300,1.000000,0.087100,0.001000,0.307300,0.169200,0.047000,0.009000,0.104100,0.018000,0.009000,0.001000,0.003000,0.002000,0.011000,0.006000,0.003000,0.004000,0.002000,0.001000,0.020000,0.005000,0.050100,0.004000,0.099100,0.079100,0.150200,0.050100,0.002000,0.005000,0.001000,0.003000,0.002000,0.001000,0.001000,0.008000,0.132100,0.012000,0.002000,0.002000,0.030000,0.001000,0.004000,0.040000,0.099100,0.050100,0.039000,0.139100,0.017000,0.003000,0.001000,0.001000,0.078100,0.039000,0.038000,0.020000,0.002000,0.028000,0.006000,0.014000,0.001000,0.001000,0.003000,0.004000,0.004000,0.001000,0.001000,0.002000,0.001000,0.020000,0.001000,0.002000,0.001000,0.001000,0.002000,0.023000,0.001000,0.001000,0.001000,0.001000,0.003000,0.010000,0.001000,0.001000,0.007000,0.001000,0.001000,0.037000,0.001000,0.001000,0.003000,0.011000,0.015000,0.001000,0.044000,0.028000,0.020000,0.011000,0.010000,0.074100,0.002000,0.003000,0.035000,0.002000,0.049000,0.006000,0.001000,0.014000,0.001000,0.001000,0.017000,0.033000,0.003000,0.001000,0.021000,0.003000,0.009000,0.001000,0.002000,0.001000,0.015000,0.013000,0.021000,0.009000,0.001000,0.012000,0.007000
Q8=8.905100,12.593800,13.608600,14.080200,14.994800,17.810300,18.541800,19.912500,21.511600,22.414300,22.703700,23.282000,24.128300,25.187500,25.719200,25.962700,26.715300,27.217200,27.936200,28.628800,29.313100,29.989700,30.635900,31.283900,31.484400,32.107800,33.130600,33.716600,34.299500,34.879700,35.443400,35.620500,35.991800,36.736100,37.083500,37.272000,37.608000,37.781200,38.302500,38.647900,38.834900,39.666600,39.824900,40.163300,40.319700,40.825900,41.308800,41.618000,42.085700,42.724200,43.023200,43.935100,44.541800,44.828500,44.984400,45.268700,45.699400,45.842100,46.131200,46.564000,46.987800,47.402900,47.970400,48.256700,48.381900,48.646400,49.180200,49.449700,49.596000,50.375000,50.643000,50.767000,51.420100,51.804200,51.925400,52.180700,52.697100,53.308300,53.430700,53.683600,53.813700,54.180800,54.797500,55.158200,55.494900,55.625100,55.855500,56.209300,57.033300,57.257400,57.379700,57.598500,57.941700,58.066500,58.283000,58.407100,58.626200,58.963400,59.294500,59.404400,59.737600,59.979400,60.080300,60.617100,60.943400,61.061900,61.271500,61.915700,62.347000,62.568100,62.868800,62.968800,63.294100,63.522600,64.117700,64.426200,64.534800,64.830300,65.146400,65.339200,65.670900,65.972100,66.261100,66.559700,66.839100,66.947300,67.242800,67.433200,67.537000,67.726600,68.015200,68.111200,68.333900,68.412000,68.599100,68.901300,69.171300,69.551200,69.759300,69.846000,70.029200,70.401300
P8=0.001000,0.001000,0.019000,0.001000,0.005000,0.001000,0.001000,0.003000,0.005000,0.003000,0.002000,0.064100,0.224200,0.001000,0.039000,0.875900,0.383400,0.344300,0.686700,1.000000,0.490500,0.114100,0.004000,0.126100,0.003000,0.005000,0.029000,0.033000,0.028000,0.004000,0.002000,0.001000,0.014000,0.002000,0.001000,0.001000,0.001000,0.001000,0.001000,0.001000,0.001000,0.025000,0.003000,0.026000,0.003000,0.001000,0.008000,0.061100,0.010000,0.001000,0.001000,0.158200,0.230200,0.084100,0.098100,0.063100,0.013000,0.131100,0.070100,0.039000,0.043000,0.083100,0.009000,0.078100,0.010000,0.005000,0.004000,0.002000,0.003000,0.001000,0.004000,0.001000,0.003000,0.018000,0.077100,0.001000,0.001000,0.043000,0.030000,0.002000,0.005000,0.004000,0.112100,0.045000,0.003000,0.003000,0.034000,0.075100,0.004000,0.017000,0.027000,0.006000,0.003000,0.006000,0.004000,0.034000,0.005000,0.001000,0.012000,0.001000,0.001000,0.001000,0.001000,0.002000,0.002000,0.001000,0.001000,0.005000,0.001000,0.001000,0.018000,0.003000,0.022000,0.002000,0.006000,0.019000,0.014000,0.003000,0.002000,0.002000,0.059100,0.020000,0.001000,0.078100,0.006000,0.004000,0.002000,0.019000,0.003000,0.016000,0.005000,0.021000,0.002000,0.007000,0.004000,0.003000,0.022000,0.023000,0.001000,0.002000,0.002000,0.020000
Q9=9.009000,12.740600,13.803100,14.244400,15.202200,18.017900,18.784300,20.144700,21.785100,22.697400,22.968400,23.574400,24.490400,25.481200,26.028800,26.094900,26.265400,27.026900,27.606300,28.331600,28.979500,29.671500,30.404300,31.009000,31.711000,32.482300,33.575700,34.124200,34.305200,34.713800,35.342200,35.911800,36.035800,36.425000,37.144900,37.284000,37.568400,37.824300,38.059600,38.221800,38.748900,39.111200,39.400600,40.178400,40.289200,40.680200,40.789800,40.916500,41.409200,41.896600,42.150100,42.588100,42.733200,43.324900,43.570100,44.492000,45.044700,45.159400,45.394900,45.606500,45.839700,46.242900,46.376400,46.679600,47.148900,47.577000,47.965700,48.621200,48.980900,49.253500,49.753500,50.036400,50.263000,50.610800,50.962600,51.272000,51.359100,51.459700,52.057500,52.189800,52.445900,52.531000,52.798500,52.961900,53.394800,53.938900,54.053600,54.345800,54.522600,54.893700,55.212500,55.423500,55.578800,55.942600,56.151000,56.353000,56.541700,56.899100,57.774900,57.959300,58.125000,58.278700,58.625600,58.731400,58.819300,58.970600,59.163300,59.343200,59.683700,59.799600,59.994300,60.097000,60.434000,60.809000,61.331900,61.472300,61.556600,61.661700,61.846300,62.017800,62.129400,62.454800,62.669200,62.861300,63.144700,63.422000,63.632800,63.703000,64.020700,64.101400,64.454900,64.895800,65.207700,65.355300,65.586200,65.973300,66.108500,66.544400,66.622100,66.926000,67.151500,67.350600,67.453000,67.625700,67.793500,68.092200,68.248400,68.389500,68.545100,68.815400,68.905300,69.015600,69.273900,69.427400,69.817900,69.984900,70.181800,70.362200,70.684400,70.873700
P9=0.003000,0.002000,0.013000,0.022000,0.005000,0.004000,0.009000,0.020000,0.004000,0.025000,0.017000,0.138100,0.175200,0.014000,0.033000,0.066100,0.965000,0.466500,0.423400,0.765800,1.000000,0.438400,0.111100,0.005000,0.126100,0.003000,0.015000,0.019000,0.001000,0.009000,0.001000,0.001000,0.001000,0.005000,0.003000,0.001000,0.013000,0.001000,0.001000,0.003000,0.001000,0.001000,0.001000,0.051100,0.010000,0.041000,0.013000,0.002000,0.005000,0.019000,0.097100,0.014000,0.001000,0.002000,0.001000,0.184200,0.070100,0.183200,0.081100,0.085100,0.069100,0.019000,0.155200,0.065100,0.041000,0.032000,0.067100,0.005000,0.081100,0.003000,0.005000,0.001000,0.001000,0.001000,0.001000,0.003000,0.004000,0.001000,0.006000,0.001000,0.018000,0.070100,0.004000,0.002000,0.001000,0.051100,0.029000,0.004000,0.007000,0.005000,0.002000,0.033000,0.104100,0.054100,0.007000,0.004000,0.041000,0.082100,0.005000,0.009000,0.025000,0.007000,0.002000,0.003000,0.004000,0.004000,0.028000,0.001000,0.001000,0.001000,0.006000,0.001000,0.001000,0.001000,0.002000,0.001000,0.001000,0.001000,0.001000,0.001000,0.001000,0.001000,0.008000,0.001000,0.002000,0.003000,0.030000,0.008000,0.006000,0.026000,0.004000,0.008000,0.024000,0.018000,0.006000,0.004000,0.003000,0.029000,0.040000,0.018000,0.001000,0.031000,0.071100,0.009000,0.005000,0.002000,0.020000,0.003000,0.016000,0.003000,0.023000,0.002000,0.004000,0.003000,0.003000,0.017000,0.001000,0.027000,0.001000,0.002000
Q10=14.964900,18.188300,22.949600,27.304200,27.905500,29.929800,31.218300,33.155800,36.376500,40.323600,40.513200,40.920800,43.247900,43.391000,44.666600,44.894700,45.540100,45.899000,47.049000,50.293500,51.589800,52.545900,54.259900,54.564700,54.608400,55.810900,56.285800,56.621700,59.642900,59.859400,61.967000,62.234600,62.436300,65.515200,65.792900,66.311600,66.424400,67.164600,67.979200,68.428700,68.848700,69.352600,69.714500,70.007000,70.170600,70.424900,70.693900,70.750700,72.227500,72.753200,73.292600,73.531500,73.932200,75.072900,75.867600,76.416300,78.134300
P10=0.077100,0.044000,0.025000,1.000000,0.934900,0.002000,0.632600,0.256300,0.012000,0.009000,0.004000,0.013000,0.013000,0.087100,0.002000,0.074100,0.280300,0.006000,0.005000,0.002000,0.163200,0.147100,0.066100,0.080100,0.080100,0.057100,0.004000,0.004000,0.005000,0.002000,0.001000,0.003000,0.037000,0.001000,0.006000,0.016000,0.002000,0.030000,0.001000,0.003000,0.029000,0.027000,0.056100,0.001000,0.002000,0.054100,0.057100,0.033000,0.001000,0.001000,0.051100,0.001000,0.002000,0.001000,0.003000,0.048000,0.044000
Q11=15.755200,18.006500,22.883100,27.797300,28.655600,31.534900,32.386700,36.014100,37.054900,43.241700,45.208100,45.794600,52.564400,53.577400,55.606900,63.088900,64.766700,69.718400,70.484900,70.914500,72.036500,72.418400,77.962800
P11=0.020000,0.040000,0.010000,1.000000,0.020000,0.140000,0.300000,0.010000,0.020000,0.010000,0.180000,0.100000,0.110000,0.200000,0.100000,0.030000,0.030000,0.150000,0.080000,0.070000,0.070000,0.080000,0.090000
Q12=13.846400,15.363800,17.390900,19.203000,20.860300,23.040100,24.286900,24.742500,25.764600,27.692800,27.830400,28.866600,30.120600,30.727600,31.204500,31.785600,32.587600,32.816000,34.138500,34.781600,35.403500,36.130100,36.336300,36.639800,37.821300,38.406200,38.689100,38.788700,39.542000,40.100000,40.466400,40.913100,41.454300,41.539300,41.720500,43.028200,43.793900,44.372600,44.789800,45.118500,46.091200,46.244900,46.716000,47.192500,47.429400,47.509400,48.573800,48.649800,48.805900,49.032100,49.252700,49.484700,50.005800,50.592800,50.810500,51.018000,51.521700,51.669100,51.954100,52.172400,52.732500,53.429300,53.839600,53.973200,54.385300,54.588000,54.993600,55.385300,55.661100,55.788100,55.990900,56.179200,56.840400,57.033300,57.163600,57.541000,57.733500,58.109900,58.501100,58.688000,59.684200,59.989200,60.168400,60.234700,60.360900,60.546400,61.621800,61.984800,62.039200,62.408900,62.525700,63.229700,63.571100,63.921500,64.442800,64.784300,65.283700,65.517400,65.682900,65.798600,65.958400,66.130600,66.303300,66.526100,66.693300,67.016600,67.287000,67.455900,67.518100,67.619400,68.277200,68.923500,69.120100,69.232000,69.444900,69.614100,69.717700,69.879700,70.090200,70.404700,70.506300,70.859200,70.968200,71.131500,71.291200,71.805800,72.211900,72.358000,72.515100,72.672600,72.860800,72.974800,73.279700,73.771200,74.227200,74.512600,74.616800,74.921800,75.403100,75.642500,75.793700,75.837400,75.939300,76.089000,76.722600,76.812200,77.102900,77.234700,77.293800,77.386500,77.584100,77.678000,77.956800,78.104500,78.434700
P12=0.006000,0.001000,0.039000,0.108100,0.039000,0.057100,0.019000,0.013000,0.083100,0.178200,1.000000,0.455500,0.161200,0.015000,0.297300,0.009000,0.145100,0.003000,0.001000,0.001000,0.001000,0.046000,0.009000,0.030000,0.029000,0.072100,0.011000,0.021000,0.007000,0.005000,0.032000,0.023000,0.009000,0.007000,0.064100,0.022000,0.008000,0.001000,0.001000,0.079100,0.020000,0.001000,0.041000,0.001000,0.010000,0.041000,0.006000,0.021000,0.021000,0.020000,0.002000,0.049000,0.037000,0.001000,0.004000,0.036000,0.017000,0.013000,0.005000,0.083100,0.041000,0.016000,0.019000,0.021000,0.001000,0.001000,0.001000,0.001000,0.018000,0.001000,0.005000,0.037000,0.038000,0.008000,0.007000,0.029000,0.004000,0.002000,0.001000,0.002000,0.008000,0.003000,0.012000,0.019000,0.014000,0.011000,0.009000,0.005000,0.005000,0.018000,0.002000,0.001000,0.001000,0.009000,0.002000,0.002000,0.008000,0.001000,0.007000,0.010000,0.002000,0.001000,0.001000,0.003000,0.012000,0.006000,0.001000,0.013000,0.006000,0.003000,0.009000,0.001000,0.002000,0.002000,0.007000,0.008000,0.009000,0.003000,0.007000,0.015000,0.004000,0.017000,0.002000,0.014000,0.003000,0.026000,0.013000,0.009000,0.017000,0.001000,0.011000,0.005000,0.013000,0.001000,0.005000,0.007000,0.004000,0.005000,0.017000,0.001000,0.004000,0.005000,0.003000,0.003000,0.012000,0.003000,0.006000,0.003000,0.004000,0.007000,0.007000,0.004000,0.016000,0.002000,0.016000
Q13=16.277300,23.019500,28.193100,32.554500,36.397100,39.871000,46.038900,48.831600,51.473200,53.985700,56.385900,58.688600,60.903800,65.109100,67.112800,69.058500,70.950900,72.794100,74.591800,76.347100
P13=0.046000,0.038000,1.000000,0.450500,0.019000,0.013000,0.222200,0.007000,0.005000,0.222200,0.061100,0.003000,0.005000,0.028000,0.003000,0.002000,0.091100,0.087100,0.002000,0.001000
